0.01067645467711672948,0.001565193168649416,0.0016250204876393014,0.0011369839783419847,0.0008637370652084704,0.00010769866629251174
0.001565193168649416,0.0215114183747630279,0.008049512727734034,0.005225635357674327,0.0036855104704870945,0.0002577750319433939
0.0016250204876393014,0.008049512727734034,0.0318817054078958592,0.007366099258825422,0.005396071513250444,0.0004145304384816493
0.0011369839783419847,0.005225635357674327,0.007366099258825422,0.0171390449740147204,0.004513722469206786,0.00045644586399727735
0.0008637370652084704,0.0036855104704870945,0.005396071513250444,0.004513722469206786,0.01271006667537054758,0.0005267984183567215
0.00010769866629251174,0.0002577750319433939,0.0004145304384816493,0.00045644586399727735,0.0005267984183567215,0.00571645700097839064